WMA Full SECR Modelling Outputs

///////////////////////////////////////////////////////////////////////////
INVESTIGATOR 1
///////////////////////////////////////////////////////////////////////////

----------------------------------------------------------------------------
1. secr.0, buffer = 15000
----------------------------------------------------------------------------
secr.fit(capthist = WMA.lion.MRFR.capthist, model = list(g0 ~ 
    1, sigma ~ 1, D ~ 1), buffer = buffer, detectfn = "HN", 
    binomN = 1, hcov = "V5", details = list(minprob = 1e-200), 
    trace = FALSE)
secr 4.1.0, 11:39:43 27 Dec 2019

Detector type      count 
Detector number    40 
Average spacing    2079.756 m 
x-range            736249 754843 m 
y-range            9155332 9175415 m 

 Usage range by occasion
     1
min 65
max 69

N animals       :  18  
N detections    :  52 
N occasions     :  1 
Count model     :  Binomial, size from usage
Mask area       :  188287.5 ha 

Model           :  D~1 g0~1 sigma~1 pmix~h2 
Mixture (hcov)  :  V5 
Fixed (real)    :  none 
Detection fn    :  halfnormal
Distribution    :  poisson 
N parameters    :  4 
Log likelihood  :  -141.8411 
AIC             :  291.6823 
AICc            :  294.7592 

Beta parameters (coefficients) 
                  beta   SE.beta        lcl        ucl
D        -7.918881e+00 0.2538326 -8.4163834 -7.4213780
g0       -4.224325e+00 0.2365795 -4.6880119 -3.7606373
sigma     7.844531e+00 0.1087938  7.6312989  8.0577628
pmix.h2M -5.974625e-07 0.4714043 -0.9239361  0.9239349

Variance-covariance matrix of beta parameters 
                     D            g0         sigma      pmix.h2M
D         6.443097e-02 -1.594479e-03 -8.180264e-03  3.331372e-09
g0       -1.594479e-03  5.596986e-02 -1.400706e-02 -6.844482e-08
sigma    -8.180264e-03 -1.400706e-02  1.183610e-02  1.578758e-08
pmix.h2M  3.331372e-09 -6.844482e-08  1.578758e-08  2.222220e-01

Fitted (real) parameters evaluated at base levels of covariates 

 session = 1, h2 = F 
       link     estimate  SE.estimate          lcl          ucl
D       log 3.638093e-04 9.385431e-05 2.212132e-04 5.983241e-04
g0    logit 1.442412e-02 3.363228e-03 9.121010e-03 2.273978e-02
sigma   log 2.551740e+03 2.784371e+02 2.061726e+03 3.158217e+03
pmix  logit 5.000001e-01 1.178511e-01 2.841568e-01 7.158434e-01

 session = 1, h2 = M 
       link     estimate  SE.estimate          lcl          ucl
D       log 3.638093e-04 9.385431e-05 2.212132e-04 5.983241e-04
g0    logit 1.442412e-02 3.363228e-03 9.121010e-03 2.273978e-02
sigma   log 2.551740e+03 2.784371e+02 2.061726e+03 3.158217e+03
pmix  logit 4.999999e-01 1.178511e-01 2.841566e-01 7.158432e-01

----------------------------------------------------------------------------
2. secr.sex, buffer = 15000
----------------------------------------------------------------------------
secr.fit(capthist = WMA.lion.MRFR.capthist, model = list(g0 ~ 
    h2, sigma ~ h2, D ~ 1), buffer = buffer, detectfn = "HN", 
    binomN = 1, hcov = "V5", details = list(minprob = 1e-200), 
    trace = FALSE)
secr 4.1.0, 11:41:58 27 Dec 2019

Detector type      count 
Detector number    40 
Average spacing    2079.756 m 
x-range            736249 754843 m 
y-range            9155332 9175415 m 

 Usage range by occasion
     1
min 65
max 69

N animals       :  18  
N detections    :  52 
N occasions     :  1 
Count model     :  Binomial, size from usage
Mask area       :  188287.5 ha 

Model           :  D~1 g0~h2 sigma~h2 pmix~h2 
Mixture (hcov)  :  V5 
Fixed (real)    :  none 
Detection fn    :  halfnormal
Distribution    :  poisson 
N parameters    :  6 
Log likelihood  :  -134.9528 
AIC             :  281.9055 
AICc            :  289.5419 

Beta parameters (coefficients) 
                   beta   SE.beta         lcl        ucl
D         -7.794500e+00 0.2520686 -8.28854498 -7.3004544
g0        -4.261364e+00 0.3760121 -4.99833388 -3.5243934
g0.h2M     4.656354e-01 0.4851822 -0.48530428  1.4165752
sigma      7.494629e+00 0.1539224  7.19294667  7.7963113
sigma.h2M  4.470155e-01 0.2017022  0.05168652  0.8423445
pmix.h2M  -4.257796e-07 0.4714046 -0.92393653  0.9239357

Variance-covariance matrix of beta parameters 
                      D            g0        g0.h2M         sigma     sigma.h2M      pmix.h2M
D          6.353855e-02 -8.324658e-03  9.728610e-03 -6.376419e-03  2.005484e-03  8.095986e-08
g0        -8.324658e-03  1.413851e-01 -1.413187e-01 -3.953762e-02  3.948335e-02 -1.709556e-08
g0.h2M     9.728610e-03 -1.413187e-01  2.354018e-01  3.949791e-02 -6.367342e-02  1.377909e-07
sigma     -6.376419e-03 -3.953762e-02  3.949791e-02  2.369210e-02 -2.365965e-02 -4.111578e-09
sigma.h2M  2.005484e-03  3.948335e-02 -6.367342e-02 -2.365965e-02  4.068377e-02 -3.201103e-08
pmix.h2M   8.095986e-08 -1.709556e-08  1.377909e-07 -4.111578e-09 -3.201103e-08  2.222223e-01

Fitted (real) parameters evaluated at base levels of covariates 

 session = 1, h2 = F 
       link     estimate  SE.estimate          lcl          ucl
D       log 4.119949e-04 1.055226e-04 2.513800e-04 6.752319e-04
g0    logit 1.390693e-02 5.156452e-03 6.703936e-03 2.862608e-02
sigma   log 1.798357e+03 2.784551e+02 1.330017e+03 2.431616e+03
pmix  logit 5.000001e-01 1.178512e-01 2.841567e-01 7.158435e-01

 session = 1, h2 = M 
       link     estimate  SE.estimate          lcl          ucl
D       log 4.119949e-04 1.055226e-04 2.513800e-04 6.752319e-04
g0    logit 2.197289e-02 6.593973e-03 1.216299e-02 3.937940e-02
sigma   log 2.811981e+03 3.688186e+02 2.176932e+03 3.632286e+03
pmix  logit 4.999999e-01 1.178512e-01 2.841565e-01 7.158433e-01
----------------------------------------------------------------------------
3. secr.sex.s, buffer = 15000
----------------------------------------------------------------------------
secr.fit(capthist = WMA.lion.MRFR.capthist, model = list(g0 ~ 
    1, sigma ~ h2, D ~ 1), buffer = buffer, detectfn = "HN", 
    binomN = 1, hcov = "V5", details = list(minprob = 1e-200), 
    trace = FALSE)
secr 4.1.0, 11:42:54 27 Dec 2019

Detector type      count 
Detector number    40 
Average spacing    2079.756 m 
x-range            736249 754843 m 
y-range            9155332 9175415 m 

 Usage range by occasion
     1
min 65
max 69

N animals       :  18  
N detections    :  52 
N occasions     :  1 
Count model     :  Binomial, size from usage
Mask area       :  188287.5 ha 

Model           :  D~1 g0~1 sigma~h2 pmix~h2 
Mixture (hcov)  :  V5 
Fixed (real)    :  none 
Detection fn    :  halfnormal
Distribution    :  poisson 
N parameters    :  5 
Log likelihood  :  -135.4195 
AIC             :  280.839 
AICc            :  285.839 

Beta parameters (coefficients) 
                   beta   SE.beta        lcl        ucl
D         -7.811209e+00 0.2485981 -8.2984519 -7.3239652
g0        -3.996045e+00 0.2382644 -4.4630352 -3.5290558
sigma      7.421004e+00 0.1227783  7.1803627  7.6616449
sigma.h2M  5.729192e-01 0.1516725  0.2756466  0.8701919
pmix.h2M  -7.009727e-07 0.4714046 -0.9239368  0.9239354

Variance-covariance matrix of beta parameters 
                     D            g0        sigma     sigma.h2M  pmix.h2M
D          0.061801025 -0.0017118757 -0.006388568  0.0021155441 0.0000000
g0        -0.001711876  0.0567699267 -0.015690528  0.0006595639 0.0000000
sigma     -0.006388568 -0.0156905276  0.015074518 -0.0109103134 0.0000000
sigma.h2M  0.002115544  0.0006595639 -0.010910313  0.0230045449 0.0000000
pmix.h2M   0.000000000  0.0000000000  0.000000000  0.0000000000 0.2222223

Fitted (real) parameters evaluated at base levels of covariates 

 session = 1, h2 = F 
       link     estimate  SE.estimate          lcl          ucl
D       log 4.051681e-04 1.023005e-04 2.489018e-04 6.595418e-04
g0    logit 1.805619e-02 4.224467e-03 1.139596e-02 2.849671e-02
sigma   log 1.670710e+03 2.059024e+02 1.313385e+03 2.125250e+03
pmix  logit 5.000002e-01 1.178512e-01 2.841567e-01 7.158436e-01

 session = 1, h2 = M 
       link     estimate  SE.estimate          lcl          ucl
D       log 4.051681e-04 1.023005e-04 2.489018e-04 6.595418e-04
g0    logit 1.805619e-02 4.224467e-03 1.139596e-02 2.849671e-02
sigma   log 2.962898e+03 3.793357e+02 2.307710e+03 3.804102e+03
pmix  logit 4.999998e-01 1.178512e-01 2.841564e-01 7.158433e-01
----------------------------------------------------------------------------
4. secr.sex.g, buffer = 15000
----------------------------------------------------------------------------
secr.fit(capthist = WMA.lion.MRFR.capthist, model = list(g0 ~ 
    h2, sigma ~ 1, D ~ 1), buffer = buffer, detectfn = "HN", 
    binomN = 1, hcov = "V5", details = list(minprob = 1e-200), 
    trace = FALSE)
secr 4.1.0, 11:43:46 27 Dec 2019

Detector type      count 
Detector number    40 
Average spacing    2079.756 m 
x-range            736249 754843 m 
y-range            9155332 9175415 m 

 Usage range by occasion
     1
min 65
max 69

N animals       :  18  
N detections    :  52 
N occasions     :  1 
Count model     :  Binomial, size from usage
Mask area       :  188287.5 ha 

Model           :  D~1 g0~h2 sigma~1 pmix~h2 
Mixture (hcov)  :  V5 
Fixed (real)    :  none 
Detection fn    :  halfnormal
Distribution    :  poisson 
N parameters    :  5 
Log likelihood  :  -137.1393 
AIC             :  284.2785 
AICc            :  289.2785 

Beta parameters (coefficients) 
                  beta   SE.beta        lcl        ucl
D        -7.858271e+00 0.2538256 -8.3557604 -7.3607825
g0       -4.764386e+00 0.3196789 -5.3909450 -4.1378267
g0.h2M    1.150162e+00 0.3739725  0.4171897  1.8831350
sigma     7.817659e+00 0.0994146  7.6228103  8.0125084
pmix.h2M -1.452282e-07 0.4714043 -0.9239357  0.9239354

Variance-covariance matrix of beta parameters 
                     D            g0        g0.h2M         sigma      pmix.h2M
D         6.442741e-02 -1.124628e-02  1.518234e-02 -6.015564e-03 -8.287994e-08
g0       -1.124628e-02  1.021946e-01 -8.117907e-02 -1.406161e-02 -2.345623e-08
g0.h2M    1.518234e-02 -8.117907e-02  1.398554e-01 -7.089259e-04 -7.011800e-08
sigma    -6.015564e-03 -1.406161e-02 -7.089259e-04  9.883263e-03  2.454285e-08
pmix.h2M -8.287994e-08 -2.345623e-08 -7.011800e-08  2.454285e-08  2.222220e-01

Fitted (real) parameters evaluated at base levels of covariates 

 session = 1, h2 = F 
       link     estimate  SE.estimate          lcl          ucl
D       log 3.865414e-04 9.971583e-05 2.350387e-04 6.357008e-04
g0    logit 8.456010e-03 2.680350e-03 4.536986e-03 1.570685e-02
sigma   log 2.484084e+03 2.475657e+02 2.044299e+03 3.018479e+03
pmix  logit 5.000000e-01 1.178511e-01 2.841567e-01 7.158433e-01

 session = 1, h2 = M 
       link     estimate  SE.estimate          lcl          ucl
D       log 3.865414e-04 9.971583e-05 2.350387e-04 6.357008e-04
g0    logit 2.623122e-02 7.210767e-03 1.525438e-02 4.474791e-02
sigma   log 2.484084e+03 2.475657e+02 2.044299e+03 3.018479e+03
pmix  logit 5.000000e-01 1.178511e-01 2.841567e-01 7.158433e-01


----------------------------------------------------------------------------
5. secr.road, buffer = 15000
----------------------------------------------------------------------------
secr.fit(capthist = WMA.lion.MRFR.capthist, model = list(g0 ~ 
    road, sigma ~ 1, D ~ 1), buffer = buffer, detectfn = "HN", 
    binomN = 1, hcov = "V5", details = list(minprob = 1e-200), 
    trace = FALSE)
secr 4.2.2, 14:09:21 13 Jul 2020

Detector type      count 
Detector number    40 
Average spacing    2079.756 m 
x-range            736249 754843 m 
y-range            9155332 9175415 m 

 Usage range by occasion
     1
min 65
max 69

N animals       :  18  
N detections    :  52 
N occasions     :  1 
Count model     :  Binomial, size from usage
Mask area       :  188287.5 ha 

Model           :  D~1 g0~road sigma~1 pmix~h2 
Mixture (hcov)  :  V5 
Fixed (real)    :  none 
Detection fn    :  halfnormal
Distribution    :  poisson 
N parameters    :  5 
Log likelihood  :  -141.3754 
AIC             :  292.7507 
AICc            :  297.7507 

Beta parameters (coefficients) 
                  beta   SE.beta        lcl        ucl
D        -7.895273e+00 0.2550247 -8.3951123 -7.3954338
g0       -4.080054e+00 0.2752446 -4.6195237 -3.5405847
g0.road  -3.184664e-01 0.3279249 -0.9611873  0.3242546
sigma     7.849273e+00 0.1086299  7.6363620  8.0621835
pmix.h2M  1.322650e-07 0.4714049 -0.9239366  0.9239368

Variance-covariance matrix of beta parameters 
                     D            g0       g0.road         sigma      pmix.h2M
D         6.503760e-02  2.024724e-03 -8.417408e-03 -7.898572e-03  1.286486e-09
g0        2.024724e-03  7.575959e-02 -4.715343e-02 -1.372881e-02  9.348932e-08
g0.road  -8.417408e-03 -4.715343e-02  1.075347e-01 -1.233737e-03 -5.976225e-08
sigma    -7.898572e-03 -1.372881e-02 -1.233737e-03  1.180046e-02 -1.544303e-08
pmix.h2M  1.286486e-09  9.348932e-08 -5.976225e-08 -1.544303e-08  2.222226e-01

Fitted (real) parameters evaluated at base levels of covariates 

 session = 1, h2 = F, road = 1 
       link     estimate  SE.estimate          lcl          ucl
D       log 3.725002e-04 9.656247e-05 2.259691e-04 6.140502e-04
g0    logit 1.214617e-02 3.579288e-03 6.805517e-03 2.158684e-02
sigma   log 2.563869e+03 2.793365e+02 2.072191e+03 3.172209e+03
pmix  logit 5.000000e-01 1.178512e-01 2.841564e-01 7.158435e-01

 session = 1, h2 = M, road = 1 
       link     estimate  SE.estimate          lcl          ucl
D       log 3.725002e-04 9.656247e-05 2.259691e-04 6.140502e-04
g0    logit 1.214617e-02 3.579288e-03 6.805517e-03 2.158684e-02
sigma   log 2.563869e+03 2.793365e+02 2.072191e+03 3.172209e+03
pmix  logit 5.000000e-01 1.178512e-01 2.841565e-01 7.158436e-01

 session = 1, h2 = F, road = 0 
       link     estimate  SE.estimate          lcl          ucl
D       log 3.725002e-04 9.656247e-05 2.259691e-04 6.140502e-04
g0    logit 1.662547e-02 4.499992e-03 9.761269e-03 2.817927e-02
sigma   log 2.563869e+03 2.793365e+02 2.072191e+03 3.172209e+03
pmix  logit 5.000000e-01 1.178512e-01 2.841564e-01 7.158435e-01

 session = 1, h2 = M, road = 0 
       link     estimate  SE.estimate          lcl          ucl
D       log 3.725002e-04 9.656247e-05 2.259691e-04 6.140502e-04
g0    logit 1.662547e-02 4.499992e-03 9.761269e-03 2.817927e-02
sigma   log 2.563869e+03 2.793365e+02 2.072191e+03 3.172209e+03
pmix  logit 5.000000e-01 1.178512e-01 2.841565e-01 7.158436e-01

----------------------------------------------------------------------------
6. secr.road.sex, buffer = 15000
----------------------------------------------------------------------------
secr.fit(capthist = WMA.lion.MRFR.capthist, model = list(g0 ~ 
    road + h2, sigma ~ h2, D ~ 1), buffer = buffer, detectfn = "HN", 
    binomN = 1, hcov = "V5", details = list(minprob = 1e-200), 
    trace = FALSE)
secr 4.2.2, 14:10:46 13 Jul 2020

Detector type      count 
Detector number    40 
Average spacing    2079.756 m 
x-range            736249 754843 m 
y-range            9155332 9175415 m 

 Usage range by occasion
     1
min 65
max 69

N animals       :  18  
N detections    :  52 
N occasions     :  1 
Count model     :  Binomial, size from usage
Mask area       :  188287.5 ha 

Model           :  D~1 g0~road + h2 sigma~h2 pmix~h2 
Mixture (hcov)  :  V5 
Fixed (real)    :  none 
Detection fn    :  halfnormal
Distribution    :  poisson 
N parameters    :  7 
Log likelihood  :  -134.7731 
AIC             :  283.5462 
AICc            :  294.7462 

Beta parameters (coefficients) 
                   beta   SE.beta         lcl        ucl
D         -7.786268e+00 0.2530667 -8.28226980 -7.2902665
g0        -4.159764e+00 0.4098048 -4.96296612 -3.3565610
g0.road   -1.977341e-01 0.3288137 -0.84219702  0.4467289
g0.h2M     4.371190e-01 0.4862269 -0.51586808  1.3901062
sigma      7.502406e+00 0.1551647  7.19828829  7.8065229
sigma.h2M  4.504903e-01 0.2037246  0.05119749  0.8497831
pmix.h2M  -5.039060e-07 0.4714046 -0.92393660  0.9239356

Variance-covariance matrix of beta parameters 
                     D           g0      g0.road       g0.h2M        sigma    sigma.h2M  pmix.h2M
D          0.064042757 -0.006165154 -0.004818940  0.009206972 -0.006291568  0.002019678 0.0000000
g0        -0.006165154  0.167939938 -0.054644839 -0.148366143 -0.037486397  0.040415277 0.0000000
g0.road   -0.004818940 -0.054644839  0.108118424  0.016046943 -0.004006812 -0.001896896 0.0000000
g0.h2M     0.009206972 -0.148366143  0.016046943  0.236416552  0.038877118 -0.064118552 0.0000000
sigma     -0.006291568 -0.037486397 -0.004006812  0.038877118  0.024076094 -0.023824108 0.0000000
sigma.h2M  0.002019678  0.040415277 -0.001896896 -0.064118552 -0.023824108  0.041503698 0.0000000
pmix.h2M   0.000000000  0.000000000  0.000000000  0.000000000  0.000000000  0.000000000 0.2222223

Fitted (real) parameters evaluated at base levels of covariates 

 session = 1, h2 = F, road = 1 
       link     estimate  SE.estimate          lcl          ucl
D       log 4.154002e-04 1.068297e-04 2.529624e-04 6.821462e-04
g0    logit 1.264837e-02 5.099925e-03 5.720885e-03 2.773048e-02
sigma   log 1.812397e+03 2.829213e+02 1.337140e+03 2.456574e+03
pmix  logit 5.000001e-01 1.178512e-01 2.841567e-01 7.158435e-01

 session = 1, h2 = M, road = 1 
       link     estimate  SE.estimate          lcl          ucl
D       log 4.154002e-04 1.068297e-04 2.529624e-04 6.821462e-04
g0    logit 1.944786e-02 7.098080e-03 9.471850e-03 3.951177e-02
sigma   log 2.843798e+03 3.825233e+02 2.187335e+03 3.697279e+03
pmix  logit 4.999999e-01 1.178512e-01 2.841565e-01 7.158433e-01

 session = 1, h2 = F, road = 0 
       link     estimate  SE.estimate          lcl          ucl
D       log 4.154002e-04 1.068297e-04 2.529624e-04 6.821462e-04
g0    logit 1.537128e-02 6.202398e-03 6.943607e-03 3.368097e-02
sigma   log 1.812397e+03 2.829213e+02 1.337140e+03 2.456574e+03
pmix  logit 5.000001e-01 1.178512e-01 2.841567e-01 7.158435e-01

 session = 1, h2 = M, road = 0 
       link     estimate  SE.estimate          lcl          ucl
D       log 4.154002e-04 1.068297e-04 2.529624e-04 6.821462e-04
g0    logit 2.359956e-02 7.559393e-03 1.254718e-02 4.395426e-02
sigma   log 2.843798e+03 3.825233e+02 2.187335e+03 3.697279e+03
pmix  logit 4.999999e-01 1.178512e-01 2.841565e-01 7.158433e-01
----------------------------------------------------------------------------
7. secr.road.sex.s, buffer = 15000
----------------------------------------------------------------------------
secr.fit(capthist = WMA.lion.MRFR.capthist, model = list(g0 ~ 
    road, sigma ~ h2, D ~ 1), buffer = buffer, detectfn = "HN", 
    binomN = 1, hcov = "V5", details = list(minprob = 1e-200), 
    trace = FALSE)
secr 4.2.2, 14:12:41 13 Jul 2020

Detector type      count 
Detector number    40 
Average spacing    2079.756 m 
x-range            736249 754843 m 
y-range            9155332 9175415 m 

 Usage range by occasion
     1
min 65
max 69

N animals       :  18  
N detections    :  52 
N occasions     :  1 
Count model     :  Binomial, size from usage
Mask area       :  188287.5 ha 

Model           :  D~1 g0~road sigma~h2 pmix~h2 
Mixture (hcov)  :  V5 
Fixed (real)    :  none 
Detection fn    :  halfnormal
Distribution    :  poisson 
N parameters    :  6 
Log likelihood  :  -135.1823 
AIC             :  282.3646 
AICc            :  290.0009 

Beta parameters (coefficients) 
                   beta   SE.beta        lcl        ucl
D         -7.801082e+00 0.2498236 -8.2907276 -7.3114371
g0        -3.897626e+00 0.2750306 -4.4366759 -3.3585759
g0.road   -2.275360e-01 0.3290320 -0.8724268  0.4173548
sigma      7.434319e+00 0.1256211  7.1881065  7.6805322
sigma.h2M  5.691798e-01 0.1543704  0.2666193  0.8717402
pmix.h2M   3.929195e-08 0.4714046 -0.9239361  0.9239361

Variance-covariance matrix of beta parameters 
                      D            g0       g0.road         sigma     sigma.h2M      pmix.h2M
D          6.241183e-02  2.575293e-04 -5.259172e-03 -6.302174e-03  2.083205e-03 -7.916316e-08
g0         2.575293e-04  7.564182e-02 -4.556228e-02 -1.316610e-02 -2.083995e-04 -9.587512e-08
g0.road   -5.259172e-03 -4.556228e-02  1.082620e-01 -6.162868e-03  2.032119e-03  6.419703e-08
sigma     -6.302174e-03 -1.316610e-02 -6.162868e-03  1.578066e-02 -1.131726e-02  2.459208e-08
sigma.h2M  2.083205e-03 -2.083995e-04  2.032119e-03 -1.131726e-02  2.383023e-02 -2.368232e-09
pmix.h2M  -7.916316e-08 -9.587512e-08  6.419703e-08  2.459208e-08 -2.368232e-09  2.222223e-01

Fitted (real) parameters evaluated at base levels of covariates 

 session = 1, h2 = F, road = 1 
       link     estimate  SE.estimate          lcl          ucl
D       log 4.092918e-04 1.038671e-04 2.508319e-04 6.678566e-04
g0    logit 1.590386e-02 4.767223e-03 8.817494e-03 2.852144e-02
sigma   log 1.693105e+03 2.135316e+02 1.323595e+03 2.165772e+03
pmix  logit 5.000000e-01 1.178512e-01 2.841566e-01 7.158434e-01

 session = 1, h2 = M, road = 1 
       link     estimate  SE.estimate          lcl          ucl
D       log 4.092918e-04 1.038671e-04 2.508319e-04 6.678566e-04
g0    logit 1.590386e-02 4.767223e-03 8.817494e-03 2.852144e-02
sigma   log 2.991407e+03 3.914205e+02 2.317233e+03 3.861726e+03
pmix  logit 5.000000e-01 1.178512e-01 2.841566e-01 7.158434e-01

 session = 1, h2 = F, road = 0 
       link     estimate  SE.estimate          lcl          ucl
D       log 4.092918e-04 1.038671e-04 2.508319e-04 6.678566e-04
g0    logit 1.988653e-02 5.360635e-03 1.169678e-02 3.361546e-02
sigma   log 1.693105e+03 2.135316e+02 1.323595e+03 2.165772e+03
pmix  logit 5.000000e-01 1.178512e-01 2.841566e-01 7.158434e-01

 session = 1, h2 = M, road = 0 
       link     estimate  SE.estimate          lcl          ucl
D       log 4.092918e-04 1.038671e-04 2.508319e-04 6.678566e-04
g0    logit 1.988653e-02 5.360635e-03 1.169678e-02 3.361546e-02
sigma   log 2.991407e+03 3.914205e+02 2.317233e+03 3.861726e+03
pmix  logit 5.000000e-01 1.178512e-01 2.841566e-01 7.158434e-01
----------------------------------------------------------------------------
8. secr.road.sex.g, buffer = 15000
----------------------------------------------------------------------------
secr.fit(capthist = WMA.lion.MRFR.capthist, model = list(g0 ~ 
    road + h2, sigma ~ 1, D ~ 1), buffer = buffer, detectfn = "HN", 
    binomN = 1, hcov = "V5", details = list(minprob = 1e-200), 
    trace = FALSE)
secr 4.2.2, 14:14:31 13 Jul 2020

Detector type      count 
Detector number    40 
Average spacing    2079.756 m 
x-range            736249 754843 m 
y-range            9155332 9175415 m 

 Usage range by occasion
     1
min 65
max 69

N animals       :  18  
N detections    :  52 
N occasions     :  1 
Count model     :  Binomial, size from usage
Mask area       :  188287.5 ha 

Model           :  D~1 g0~road + h2 sigma~1 pmix~h2 
Mixture (hcov)  :  V5 
Fixed (real)    :  none 
Detection fn    :  halfnormal
Distribution    :  poisson 
N parameters    :  6 
Log likelihood  :  -136.9666 
AIC             :  285.9332 
AICc            :  293.5696 

Beta parameters (coefficients) 
                  beta   SE.beta        lcl        ucl
D        -7.849928e+00 0.2546779 -8.3490872 -7.3507681
g0       -4.662211e+00 0.3608819 -5.3695263 -3.9548951
g0.road  -1.929355e-01 0.3272410 -0.8343162  0.4484451
g0.h2M    1.119548e+00 0.3770116  0.3806188  1.8584770
sigma     7.825885e+00 0.1010305  7.6278689  8.0239012
pmix.h2M -3.961934e-07 0.4714046 -0.9239365  0.9239357

Variance-covariance matrix of beta parameters 
                     D            g0       g0.road        g0.h2M         sigma      pmix.h2M
D         6.486083e-02 -8.687870e-03 -4.958373e-03  1.417764e-02 -5.916073e-03  4.067322e-09
g0       -8.687870e-03  1.302358e-01 -5.548444e-02 -8.949967e-02 -1.196267e-02  6.159869e-08
g0.road  -4.958373e-03 -5.548444e-02  1.070867e-01  1.705735e-02 -4.329707e-03 -5.154030e-08
g0.h2M    1.417764e-02 -8.949967e-02  1.705735e-02  1.421377e-01 -1.190463e-03  4.712717e-08
sigma    -5.916073e-03 -1.196267e-02 -4.329707e-03 -1.190463e-03  1.020716e-02 -1.480675e-08
pmix.h2M  4.067322e-09  6.159869e-08 -5.154030e-08  4.712717e-08 -1.480675e-08  2.222223e-01

Fitted (real) parameters evaluated at base levels of covariates 

 session = 1, h2 = F, road = 1 
       link     estimate  SE.estimate          lcl          ucl
D       log 3.897802e-04 1.009000e-04 2.366124e-04 6.420989e-04
g0    logit 7.728007e-03 2.725788e-03 3.865313e-03 1.539114e-02
sigma   log 2.504602e+03 2.536882e+02 2.054667e+03 3.053065e+03
pmix  logit 5.000001e-01 1.178512e-01 2.841566e-01 7.158435e-01

 session = 1, h2 = M, road = 1 
       link     estimate  SE.estimate          lcl          ucl
D       log 3.897802e-04 1.009000e-04 2.366124e-04 6.420989e-04
g0    logit 2.330291e-02 8.001861e-03 1.183630e-02 4.536798e-02
sigma   log 2.504602e+03 2.536882e+02 2.054667e+03 3.053065e+03
pmix  logit 4.999999e-01 1.178512e-01 2.841565e-01 7.158434e-01

 session = 1, h2 = F, road = 0 
       link     estimate  SE.estimate          lcl          ucl
D       log 3.897802e-04 1.009000e-04 2.366124e-04 6.420989e-04
g0    logit 9.357174e-03 3.345238e-03 4.634755e-03 1.880045e-02
sigma   log 2.504602e+03 2.536882e+02 2.054667e+03 3.053065e+03
pmix  logit 5.000001e-01 1.178512e-01 2.841566e-01 7.158435e-01

 session = 1, h2 = M, road = 0 
       link     estimate  SE.estimate          lcl          ucl
D       log 3.897802e-04 1.009000e-04 2.366124e-04 6.420989e-04
g0    logit 2.812242e-02 8.351751e-03 1.564905e-02 5.003259e-02
sigma   log 2.504602e+03 2.536882e+02 2.054667e+03 3.053065e+03
pmix  logit 4.999999e-01 1.178512e-01 2.841565e-01 7.158434e-01

----------------------------------------------------------------------------
9. Model comparison
----------------------------------------------------------------------------
                                                         model   detectfn npar    logLik     AIC    AICc  dAICc AICcwt
WMA.lion.MRFR.secr.sex.s              D~1 g0~1 sigma~h2 pmix~h2 halfnormal    5 -135.4195 280.839 285.839  0.000 0.6644
WMA.lion.MRFR.secr.sex.g              D~1 g0~h2 sigma~1 pmix~h2 halfnormal    5 -137.1393 284.279 289.279  3.440 0.1190
WMA.lion.MRFR.secr.sex               D~1 g0~h2 sigma~h2 pmix~h2 halfnormal    6 -134.9528 281.906 289.542  3.703 0.1043
WMA.lion.MRFR.secr.road.sex.s      D~1 g0~road sigma~h2 pmix~h2 halfnormal    6 -135.1823 282.365 290.001  4.162 0.0829
WMA.lion.MRFR.secr.road.sex.g  D~1 g0~road + h2 sigma~1 pmix~h2 halfnormal    6 -136.9666 285.933 293.570  7.731 0.0139
WMA.lion.MRFR.secr.road.sex   D~1 g0~road + h2 sigma~h2 pmix~h2 halfnormal    7 -134.7731 283.546 294.746  8.907 0.0077
WMA.lion.MRFR.secr.0                   D~1 g0~1 sigma~1 pmix~h2 halfnormal    4 -141.8411 291.682 294.759  8.920 0.0077
WMA.lion.MRFR.secr.road             D~1 g0~road sigma~1 pmix~h2 halfnormal    5 -141.3754 292.751 297.751 11.912 0.0000

----------------------------------------------------------------------------
10. Buffer Test Results (using secr.sex.s, as it was the highest ranked)
----------------------------------------------------------------------------

### BUFFER COMPARISON

#    8 KM = 4.0838
#   10 KM = 4.0560
#   12 KM = 4.0520
#   15 KM = 4.0517 ***
#   16 KM = 4.0517

Buffer settled at 15 km, so proceeded with this as the final buffer size. Final model outputs:

secr.fit(capthist = WMA.BT.capthist, model = list(g0 ~ 1, sigma ~ 
    h2, D ~ 1), buffer = 15000, detectfn = "HN", binomN = 1, 
    hcov = "V5", details = list(minprob = 1e-200), trace = FALSE)
secr 4.2.2, 14:26:15 13 Jul 2020

Detector type      count 
Detector number    40 
Average spacing    2079.756 m 
x-range            736249 754843 m 
y-range            9155332 9175415 m 

 Usage range by occasion
     1
min 65
max 69

N animals       :  18  
N detections    :  52 
N occasions     :  1 
Count model     :  Binomial, size from usage
Mask area       :  188287.5 ha 

Model           :  D~1 g0~1 sigma~h2 pmix~h2 
Mixture (hcov)  :  V5 
Fixed (real)    :  none 
Detection fn    :  halfnormal
Distribution    :  poisson 
N parameters    :  5 
Log likelihood  :  -135.4195 
AIC             :  280.839 
AICc            :  285.839 

Beta parameters (coefficients) 
                   beta   SE.beta        lcl        ucl
D         -7.811209e+00 0.2485981 -8.2984520 -7.3239654
g0        -3.996046e+00 0.2382643 -4.4630352 -3.5290563
sigma      7.421004e+00 0.1227783  7.1803627  7.6616449
sigma.h2M  5.729194e-01 0.1516725  0.2756466  0.8701921
pmix.h2M  -4.120662e-07 0.4714043 -0.9239359  0.9239351

Variance-covariance matrix of beta parameters 
                     D            g0        sigma     sigma.h2M pmix.h2M
D          0.061801006 -0.0017118721 -0.006388571  0.0021155505 0.000000
g0        -0.001711872  0.0567698839 -0.015690522  0.0006595749 0.000000
sigma     -0.006388571 -0.0156905218  0.015074521 -0.0109103224 0.000000
sigma.h2M  0.002115550  0.0006595749 -0.010910322  0.0230045606 0.000000
pmix.h2M   0.000000000  0.0000000000  0.000000000  0.0000000000 0.222222

Fitted (real) parameters evaluated at base levels of covariates 

 session = 1, h2 = F 
       link     estimate  SE.estimate          lcl          ucl
D       log 4.051680e-04 1.023004e-04 2.489018e-04 6.595417e-04
g0    logit 1.805619e-02 4.224464e-03 1.139596e-02 2.849670e-02
sigma   log 1.670710e+03 2.059025e+02 1.313385e+03 2.125250e+03
pmix  logit 5.000001e-01 1.178511e-01 2.841568e-01 7.158434e-01

 session = 1, h2 = M 
       link     estimate  SE.estimate          lcl          ucl
D       log 4.051680e-04 1.023004e-04 2.489018e-04 6.595417e-04
g0    logit 1.805619e-02 4.224464e-03 1.139596e-02 2.849670e-02
sigma   log 2.962898e+03 3.793357e+02 2.307710e+03 3.804103e+03
pmix  logit 4.999999e-01 1.178511e-01 2.841566e-01 7.158432e-01

///////////////////////////////////////////////////////////////////////////
INVESTIGATOR 2 & CONSENSUS
///////////////////////////////////////////////////////////////////////////

----------------------------------------------------------------------------
1. secr.0, buffer = 15000
----------------------------------------------------------------------------

secr.fit(capthist = WMA.lion.MRFR.capthist, model = list(g0 ~ 
    1, sigma ~ 1, D ~ 1), buffer = buffer, detectfn = "HN", 
    binomN = 1, hcov = "V5", details = list(minprob = 1e-200), 
    trace = FALSE)
secr 4.2.2, 13:47:23 13 Jul 2020

Detector type      count 
Detector number    40 
Average spacing    2079.756 m 
x-range            736249 754843 m 
y-range            9155332 9175415 m 

 Usage range by occasion
     1
min 65
max 69

N animals       :  18  
N detections    :  51 
N occasions     :  1 
Count model     :  Binomial, size from usage
Mask area       :  188287.5 ha 

Model           :  D~1 g0~1 sigma~1 pmix~h2 
Mixture (hcov)  :  V5 
Fixed (real)    :  none 
Detection fn    :  halfnormal
Distribution    :  poisson 
N parameters    :  4 
Log likelihood  :  -140.5996 
AIC             :  289.1993 
AICc            :  292.2762 

Beta parameters (coefficients) 
                  beta   SE.beta        lcl        ucl
D        -7.912184e+00 0.2543700 -8.4107397 -7.4136278
g0       -4.270513e+00 0.2398732 -4.7406557 -3.8003699
sigma     7.850998e+00 0.1099500  7.6355005  8.0664965
pmix.h2M -5.869950e-07 0.4714043 -0.9239361  0.9239349

Variance-covariance matrix of beta parameters 
                    D           g0       sigma pmix.h2M
D         0.064704074 -0.001816134 -0.00830192 0.000000
g0       -0.001816134  0.057539162 -0.01449968 0.000000
sigma    -0.008301920 -0.014499682  0.01208899 0.000000
pmix.h2M  0.000000000  0.000000000  0.00000000 0.222222

Fitted (real) parameters evaluated at base levels of covariates 

 session = 1, h2 = F 
       link     estimate  SE.estimate          lcl          ucl
D       log 3.662539e-04 9.469152e-05 2.224652e-04 6.029792e-04
g0    logit 1.378202e-02 3.260374e-03 8.657315e-03 2.187336e-02
sigma   log 2.568297e+03 2.832398e+02 2.070407e+03 3.185920e+03
pmix  logit 5.000001e-01 1.178511e-01 2.841568e-01 7.158434e-01

 session = 1, h2 = M 
       link     estimate  SE.estimate          lcl          ucl
D       log 3.662539e-04 9.469152e-05 2.224652e-04 6.029792e-04
g0    logit 1.378202e-02 3.260374e-03 8.657315e-03 2.187336e-02
sigma   log 2.568297e+03 2.832398e+02 2.070407e+03 3.185920e+03
pmix  logit 4.999999e-01 1.178511e-01 2.841566e-01 7.158432e-01

----------------------------------------------------------------------------
2. secr.sex, buffer = 15000
----------------------------------------------------------------------------

secr.fit(capthist = WMA.lion.MRFR.capthist, model = list(g0 ~ 
    h2, sigma ~ h2, D ~ 1), buffer = buffer, detectfn = "HN", 
    binomN = 1, hcov = "V5", details = list(minprob = 1e-200), 
    trace = FALSE)
secr 4.2.2, 13:48:44 13 Jul 2020

Detector type      count 
Detector number    40 
Average spacing    2079.756 m 
x-range            736249 754843 m 
y-range            9155332 9175415 m 

 Usage range by occasion
     1
min 65
max 69

N animals       :  18  
N detections    :  51 
N occasions     :  1 
Count model     :  Binomial, size from usage
Mask area       :  188287.5 ha 

Model           :  D~1 g0~h2 sigma~h2 pmix~h2 
Mixture (hcov)  :  V5 
Fixed (real)    :  none 
Detection fn    :  halfnormal
Distribution    :  poisson 
N parameters    :  6 
Log likelihood  :  -134.1178 
AIC             :  280.2357 
AICc            :  287.872 

Beta parameters (coefficients) 
                   beta   SE.beta         lcl        ucl
D         -7.795572e+00 0.2524321 -8.29033027 -7.3008146
g0        -4.261365e+00 0.3760119 -4.99833435 -3.5243949
g0.h2M     3.947387e-01 0.4910944 -0.56778854  1.3572660
sigma      7.494630e+00 0.1539223  7.19294743  7.7963118
sigma.h2M  4.654446e-01 0.2046931  0.06425349  0.8666357
pmix.h2M  -4.726888e-07 0.4714046 -0.92393657  0.9239356

Variance-covariance matrix of beta parameters 
                      D            g0        g0.h2M         sigma     sigma.h2M      pmix.h2M
D          6.372197e-02 -8.332463e-03  9.509292e-03 -6.383938e-03  1.637803e-03  1.052546e-08
g0        -8.332463e-03  1.413849e-01 -1.413262e-01 -3.953755e-02  3.948221e-02 -1.785957e-07
g0.h2M     9.509292e-03 -1.413262e-01  2.411737e-01  3.950245e-02 -6.466533e-02  1.785215e-07
sigma     -6.383938e-03 -3.953755e-02  3.950245e-02  2.369208e-02 -2.365899e-02  4.994335e-08
sigma.h2M  1.637803e-03  3.948221e-02 -6.466533e-02 -2.365899e-02  4.189926e-02 -4.987344e-08
pmix.h2M   1.052546e-08 -1.785957e-07  1.785215e-07  4.994335e-08 -4.987344e-08  2.222223e-01

Fitted (real) parameters evaluated at base levels of covariates 

 session = 1, h2 = F 
       link     estimate  SE.estimate          lcl          ucl
D       log 4.115531e-04 1.055664e-04 2.509316e-04 6.749887e-04
g0    logit 1.390691e-02 5.156443e-03 6.703933e-03 2.862603e-02
sigma   log 1.798359e+03 2.784552e+02 1.330018e+03 2.431617e+03
pmix  logit 5.000001e-01 1.178512e-01 2.841567e-01 7.158435e-01

 session = 1, h2 = M 
       link     estimate  SE.estimate          lcl          ucl
D       log 4.115531e-04 1.055664e-04 2.509316e-04 6.749887e-04
g0    logit 2.049983e-02 6.346746e-03 1.113868e-02 3.743046e-02
sigma   log 2.864285e+03 3.889668e+02 2.197616e+03 3.733197e+03
pmix  logit 4.999999e-01 1.178512e-01 2.841565e-01 7.158433e-01

----------------------------------------------------------------------------
3. secr.sex.s, buffer = 15000
----------------------------------------------------------------------------
secr.fit(capthist = WMA.lion.MRFR.capthist, model = list(g0 ~ 
    1, sigma ~ h2, D ~ 1), buffer = buffer, detectfn = "HN", 
    binomN = 1, hcov = "V5", details = list(minprob = 1e-200), 
    trace = FALSE)
secr 4.2.2, 13:51:31 13 Jul 2020

Detector type      count 
Detector number    40 
Average spacing    2079.756 m 
x-range            736249 754843 m 
y-range            9155332 9175415 m 

 Usage range by occasion
     1
min 65
max 69

N animals       :  18  
N detections    :  51 
N occasions     :  1 
Count model     :  Binomial, size from usage
Mask area       :  188287.5 ha 

Model           :  D~1 g0~1 sigma~h2 pmix~h2 
Mixture (hcov)  :  V5 
Fixed (real)    :  none 
Detection fn    :  halfnormal
Distribution    :  poisson 
N parameters    :  5 
Log likelihood  :  -134.4441 
AIC             :  278.8882 
AICc            :  283.8882 

Beta parameters (coefficients) 
                   beta   SE.beta        lcl        ucl
D         -7.809366e+00 0.2494218 -8.2982238 -7.3205082
g0        -4.040307e+00 0.2422764 -4.5151600 -3.5654538
sigma      7.433226e+00 0.1246053  7.1890039  7.6774478
sigma.h2M  5.713433e-01 0.1555995  0.2663739  0.8763126
pmix.h2M  -5.271257e-07 0.4714043 -0.9239360  0.9239350

Variance-covariance matrix of beta parameters 
                      D            g0         sigma     sigma.h2M      pmix.h2M
D          6.221124e-02 -2.077408e-03 -6.564683e-03  2.007651e-03  2.624153e-09
g0        -2.077408e-03  5.869787e-02 -1.625121e-02  9.829960e-04 -7.414633e-08
sigma     -6.564683e-03 -1.625121e-02  1.552649e-02 -1.128843e-02  2.052830e-08
sigma.h2M  2.007651e-03  9.829960e-04 -1.128843e-02  2.421119e-02 -1.241707e-09
pmix.h2M   2.624153e-09 -7.414633e-08  2.052830e-08 -1.241707e-09  2.222220e-01

Fitted (real) parameters evaluated at base levels of covariates 

 session = 1, h2 = F 
       link     estimate  SE.estimate          lcl          ucl
D       log 4.059153e-04 1.028394e-04 2.489586e-04 6.618258e-04
g0    logit 1.728794e-02 4.116051e-03 1.082343e-02 2.750616e-02
sigma   log 1.691255e+03 2.115600e+02 1.324783e+03 2.159102e+03
pmix  logit 5.000001e-01 1.178511e-01 2.841568e-01 7.158434e-01

 session = 1, h2 = M 
       link     estimate  SE.estimate          lcl          ucl
D       log 4.059153e-04 1.028394e-04 2.489586e-04 6.618258e-04
g0    logit 1.728794e-02 4.116051e-03 1.082343e-02 2.750616e-02
sigma   log 2.994610e+03 3.939809e+02 2.316506e+03 3.871213e+03
pmix  logit 4.999999e-01 1.178511e-01 2.841566e-01 7.158432e-01

----------------------------------------------------------------------------
4. secr.sex.g, buffer = 15000
----------------------------------------------------------------------------
secr.fit(capthist = WMA.lion.MRFR.capthist, model = list(g0 ~ 
    h2, sigma ~ 1, D ~ 1), buffer = buffer, detectfn = "HN", 
    binomN = 1, hcov = "V5", details = list(minprob = 1e-200), 
    trace = FALSE)
secr 4.2.2, 13:53:02 13 Jul 2020

Detector type      count 
Detector number    40 
Average spacing    2079.756 m 
x-range            736249 754843 m 
y-range            9155332 9175415 m 

 Usage range by occasion
     1
min 65
max 69

N animals       :  18  
N detections    :  51 
N occasions     :  1 
Count model     :  Binomial, size from usage
Mask area       :  188287.5 ha 

Model           :  D~1 g0~h2 sigma~1 pmix~h2 
Mixture (hcov)  :  V5 
Fixed (real)    :  none 
Detection fn    :  halfnormal
Distribution    :  poisson 
N parameters    :  5 
Log likelihood  :  -136.434 
AIC             :  282.868 
AICc            :  287.868 

Beta parameters (coefficients) 
                  beta   SE.beta        lcl        ucl
D        -7.859868e+00 0.2543540 -8.3583928 -7.3613432
